0 0.625 0.90891 0.6894796375000001 0.82563 0.65328054375 0.7273566671875 0.5910633484375001 0.73735 0.5005656109375 0.70875 0.46662895937500004 0.8422833328125 0.5164027156250001 0.9105766671875 0.625 0.90891
0 0.11708144843749999 0.80231 0.1826923078125 0.7273566671875 0.15214932187500002 0.6957099999999999 0.08059954687500001 0.7129166671875 0.0503393671875 0.7440133328125 0.074095021875 0.7973133328124999 0.11708144843749999 0.80231
0 0.5424208140625 0.5508 0.6363122171875 0.53581 0.6363122171875 0.4925033328125 0.59671945625 0.46085666718749996 0.5175339359375 0.465 0.4813348421875 0.48917333281250003 0.46549773749999995 0.5224866671874999 0.5424208140625 0.5508
0 0.6340497734375 0.42921 0.6883484156249999 0.43087666718750006 0.7087104078124999 0.4042266671875 0.6894796375000001 0.3775766671875 0.64423076875 0.37591 0.5910633484375001 0.38375 0.57975113125 0.39923000000000003 0.57975113125 0.42255000000000004 0.6340497734375 0.42921
0 0.43382352968750004 0.43920333281249996 0.4575791859375 0.41422 0.42703619843749996 0.40755666718750005 0.3916855203125 0.4066666671875 0.33427601875 0.4358733328125 0.3851809953125 0.4458666671875 0.43382352968750004 0.43920333281249996
0 0.324095021875 0.4042266671875 0.3365384609375 0.3675833328125 0.2992081453125 0.34592999999999996 0.279977375 0.365 0.26074660625 0.38424 0.27545248906249997 0.4042266671875 0.324095021875 0.4042266671875
0 0.4089366515625 0.39923000000000003 0.4519230765625 0.38424 0.42477375625 0.3659166671875 0.38320135781250003 0.3566666671875 0.3614253390625 0.36924999999999997 0.3670814484375 0.39590000000000003 0.4089366515625 0.39923000000000003
0 0.57975113125 0.33426999999999996 0.535633484375 0.3509266671875 0.49377828125 0.3509266671875 0.48472850625 0.3709133328125 0.4915158375 0.3892366671875 0.50622171875 0.39625 0.554864253125 0.38757 0.5820135750000001 0.3625866671875 0.6080316734375 0.35758999999999996 0.57975113125 0.33426999999999996
0 0.7053167421875 0.3142833328125 0.6815610859375 0.3059566671875 0.643099546875 0.3059566671875 0.6091628953125 0.31761333281250004 0.606617646875 0.3379166671875 0.6385746609375 0.3409333328125 0.67024886875 0.34926 0.7007918546874999 0.33593666718750004 0.7053167421875 0.3142833328125
0 0.5641968328125 0.3129166671875 0.53223981875 0.31261666718750003 0.528846153125 0.3409333328125 0.5661764703125 0.3326066671875 0.5641968328125 0.3129166671875
0 0.47822398125000004 0.3442633328125 0.49745475156249996 0.3409333328125 0.48953619843749996 0.3209466671875 0.4680429859375 0.32125 0.4499434390625 0.33094 0.457861990625 0.3442633328125 0.47822398125000004 0.3442633328125
0 0.32324660625 0.3525933328125 0.341346153125 0.36092 0.365101809375 0.3625866671875 0.3979072390625 0.34926 0.3789592765625 0.33166666718750004 0.3560520359375 0.31928 0.32324660625 0.33426999999999996 0.32324660625 0.3525933328125
0 0.5800339359375 0.28430333281250003 0.5619343890625 0.29762666718749997 0.5619343890625 0.30762 0.592477375 0.3129166671875 0.6196266968749999 0.30762 0.6320701359374999 0.29263 0.6117081453125001 0.27764 0.5800339359375 0.28430333281250003
0 0.5845588234375 0.24932333281250002 0.5460972843749999 0.2576533328125 0.5132918546874999 0.2709766671875 0.5231900453125 0.2858333328125 0.5619343890625 0.29263 0.5856900453125 0.27431 0.6037895921875001 0.2726433328125 0.5845588234375 0.24932333281250002
0 0.42715886875000003 0.262801753125 0.45899321249999997 0.26598 0.48274886875 0.2593166671875 0.48048642499999994 0.2343333328125 0.44428732968749995 0.236 0.4329751125 0.23766333281250002 0.42715886875000003 0.262801753125
0 0.42715886875000003 0.262801753125 0.39225113125 0.2593166671875 0.3594457015625 0.27597333281249997 0.37867647031249996 0.30429 0.4080882359375 0.3059566671875 0.4227941171875 0.2816666671875 0.42715886875000003 0.262801753125
0 0.6049208140625 0.24766 0.6513009046875 0.23766333281250002 0.6897624437500001 0.24099666718749999 0.6829751125 0.22433999999999998 0.6569570140625001 0.2260066671875 0.64225113125 0.23933 0.615101809375 0.2316666671875 0.5970022625 0.22766999999999998 0.574377828125 0.23933 0.6049208140625 0.24766
0 0.6343325796875 0.18603 0.615101809375 0.1760366671875 0.5953054296875 0.1879166671875 0.591346153125 0.2026866671875 0.61623303125 0.1993566671875 0.6343325796875 0.18603