0 0.5304459687499999 0.7007066671875 0.5536020578125 0.6607333328125 0.5355917671875 0.64241 0.49356775312499995 0.64241 0.458404803125 0.6057666671875 0.42838765 0.6074333328125 0.412092625 0.6557366671875 0.41487993124999994 0.7295833328125 0.4309605484375 0.7506766671875 0.48070325937499997 0.7440133328125 0.5304459687499999 0.7007066671875
0 0.5313036015625 0.9105766671875 0.5578902234374999 0.8822599999999999 0.5596054890625 0.8206300000000001 0.5467409953125 0.79898 0.5330188671875 0.7773266671875 0.49957118281249996 0.7773266671875 0.47898799375 0.7806566671875 0.47169811250000004 0.8191666671875 0.47126929687499997 0.87393 0.4927101203125 0.9189033328124999 0.5313036015625 0.9105766671875
0 0.3940823328125 0.5674566671875 0.3880789015625 0.5258166671875 0.366638078125 0.49916666718749997 0.3366209265625 0.50583 0.29802744375 0.5316666671875 0.30746140624999996 0.57412 0.3383361921875 0.5941066671875 0.3940823328125 0.5674566671875
0 0.257718696875 0.41422 0.2825900515625 0.37591 0.2525728984375 0.3559233328125 0.2174099484375 0.35758999999999996 0.185463121875 0.3858333328125 0.197684390625 0.42255000000000004 0.22169811250000002 0.4358733328125 0.257718696875 0.41422
0 0.1796741 0.29263 0.197684390625 0.29596 0.24142367031249998 0.2793066671875 0.23713550625000002 0.25099 0.19939965625 0.24932333281250002 0.18053173281249998 0.27597333281249997 0.13936535156250002 0.27764 0.1029159515625 0.315 0.11449399687499999 0.33426999999999996 0.1487993140625 0.33094 0.1796741 0.29263
0 0.3211835328125 0.34926 0.3546312171875 0.3409333328125 0.37521440781250004 0.32761 0.3572041171875 0.3026233328125 0.3649228125 0.2992933328125 0.382075471875 0.27764 0.378644940625 0.26265 0.35205831875000004 0.2576533328125 0.3248284734375 0.27749999999999997 0.3211835328125 0.3092866671875 0.3366209265625 0.3109533328125 0.3211835328125 0.34926
0 0.264579759375 0.21267999999999998 0.2444253859375 0.22125 0.27058319062499997 0.236 0.2988850765625 0.22267333281249999 0.29545454531250004 0.1993566671875 0.264579759375 0.21267999999999998
0 0.532161234375 0.1827 0.49699828437500004 0.1810333328125 0.467838765625 0.1810333328125 0.4599056609375 0.21291666718750002 0.49528301875 0.22267333281249999 0.538164665625 0.20935 0.5578902234374999 0.19436 0.532161234375 0.1827
0 0.5793310468749999 0.3642533328125 0.5578902234374999 0.3825733328125 0.5574614062500001 0.4025 0.5887650078125 0.41755333281249996 0.627358490625 0.3925666671875 0.608490565625 0.3559233328125 0.5793310468749999 0.3642533328125
0 0.5561749578125 0.5458033328125 0.586192109375 0.5458033328125 0.6153516296875 0.52082 0.6007718703125 0.49084000000000005 0.5810463125 0.4858433328125 0.5585334484375 0.49416666718749996 0.5536020578125 0.5108266671874999 0.5501715265625 0.5274833328125 0.5561749578125 0.5458033328125
0 0.6891080625 0.3592566671875 0.6903945109375 0.38166666718750003 0.7139794171875 0.4325433328125 0.7474271015625 0.42255000000000004 0.7319897078125 0.3426 0.6891080625 0.3592566671875
0 0.980703259375 0.09442333281250001 0.9215265859375 0.0677733328125 0.8572041171875 0.08776 0.8203258999999999 0.08776 0.8297598624999999 0.14625 0.8880789015625 0.1627133328125 0.9240994859375 0.1610466671875 0.9626929671875001 0.15605 0.980703259375 0.09442333281250001