0 0.39 0.7706633328125 0.44875 0.76067 0.51625 0.7540066671875 0.53625 0.7173633328125 0.5025000000000001 0.6640633328125001 0.45625 0.66906 0.39625 0.6673933328125 0.3265625 0.6983333328125 0.3175 0.7473433328125 0.34750000000000003 0.7623333328124999 0.39 0.7706633328125
0 0 0.6823866671875 0.008749999999999999 0.7107 0.0675 0.7023733328125 0.12250000000000001 0.6740566671875 0.16125 0.64574 0.145 0.6174266671875001 0.1 0.6140933328125 0.028125 0.6295833328125 0 0.64241 0 0.6823866671875
0 0.13874999999999998 0.5607966671875 0.0925 0.5807833328124999 0.0875 0.6004166671875 0.125 0.5957733328125 0.16875 0.5791166671875 0.19 0.55913 0.13874999999999998 0.5607966671875
0 0.155 0.52082 0.13 0.5408066671875 0.13 0.5508 0.155 0.5541333328125 0.15625 0.5557966671875 0.1984375 0.5545833328125 0.22374999999999998 0.53581 0.23374999999999999 0.5158233328125 0.19 0.52082 0.155 0.52082
0 0.4875 0.6024366671875 0.45499999999999996 0.58911 0.42000000000000004 0.5824466671875 0.40125 0.5907766671875 0.38125 0.6108333328125 0.39375 0.6290866671875001 0.43375 0.6324166671875 0.46624999999999994 0.62409 0.4875 0.6024366671875
0 0.56125 0.6673933328125 0.58375 0.6707266671875 0.615 0.6707266671875 0.64375 0.6440766671875 0.625 0.6290866671875001 0.6 0.61243 0.56875 0.61243 0.54 0.6140933328125 0.5265625 0.6358333328125 0.5325 0.6590666671875 0.54625 0.6673933328125 0.56125 0.6673933328125
0 0.70375 0.8922533328125001 0.72 0.8656033328125 0.7175 0.8206300000000001 0.705 0.7856533328124999 0.6487499999999999 0.7823233328125 0.605 0.81397 0.5912499999999999 0.8356233328125 0.6 0.8670833328124999 0.61625 0.8772633328125 0.6575 0.8939199999999999 0.70375 0.8922533328125001
0 0.6625 0.49749999999999994 0.7 0.49749999999999994 0.70125 0.4658533328125 0.6637500000000001 0.45586000000000004 0.63875 0.45419666718749996 0.6 0.4575266671875 0.55375 0.4691866671875 0.55625 0.49000000000000005 0.585 0.5008333328125001 0.61 0.49916666718749997 0.63375 0.5108266671874999 0.6625 0.49749999999999994
0 0.4575 0.5108266671874999 0.45875000000000005 0.49417 0.40625 0.48251 0.37374999999999997 0.49916666718749997 0.378125 0.52125 0.39875 0.5258166671875 0.42874999999999996 0.5191533328125 0.4575 0.5108266671874999
0 0.74125 0.5025000000000001 0.70125 0.49916666718749997 0.68625 0.5124933328125 0.6828125 0.5295833328125 0.7375 0.5424733328125 0.775 0.53248 0.7787499999999999 0.50583 0.74125 0.5025000000000001
0 0.25625 0.46085666718749996 0.2203125 0.47750000000000004 0.24375 0.47918000000000005 0.27625 0.47585 0.27625 0.46419 0.25625 0.46085666718749996
0 0.29500000000000004 0.42921 0.290625 0.4525 0.3275 0.4458666671875 0.33999999999999997 0.4342066671875 0.32375 0.42588 0.29500000000000004 0.42921
0 0.5075000000000001 0.4208833328125 0.503125 0.4420833328125 0.54375 0.4475333328125 0.5599999999999999 0.43754 0.5349999999999999 0.4158866671875 0.5075000000000001 0.4208833328125
0 0.215 0.410888853125 0.27125 0.41422 0.31625000000000003 0.4008966671875 0.29625 0.3825733328125 0.2475 0.3892366671875 0.215 0.3909033328125 0.215 0.410888853125
0 0.445 0.2992933328125 0.40374999999999994 0.32761 0.32625000000000004 0.3559233328125 0.38 0.3625866671875 0.40374999999999994 0.3659166671875 0.45 0.3542566671875 0.44000000000000006 0.33094 0.445 0.2992933328125
0 0.5125 0.3441666671875 0.55625 0.34759666718750004 0.5875 0.3326066671875 0.54125 0.3326066671875 0.5125 0.3441666671875
0 0.465 0.30762 0.45999999999999996 0.31595 0.475 0.33375 0.515 0.32427666718750003 0.47625 0.31761333281250004 0.5075000000000001 0.3109533328125 0.465 0.30762