0 0.57137978125 0.8989166671875 0.6164617484375 0.8989166671875 0.723019125 0.9239 0.7708333328125 0.8689333328125001 0.7708333328125 0.80564 0.7489754093750001 0.7889833328125 0.707991803125 0.7706633328125 0.6683743171875001 0.7573366671875 0.6219262296875 0.764 0.57137978125 0.7789900000000001 0.5464480875 0.8254166671875 0.5590847 0.8322900000000001 0.5317622953125001 0.8489466671875 0.57137978125 0.8989166671875
0 0.7612704921875 0.4808466671875 0.7271174859375 0.4575266671875 0.6765710375 0.4442033328125 0.6123633875000001 0.44253666718750007 0.5782103828125 0.46752000000000005 0.561816940625 0.49916666718749997 0.5549863390625001 0.5254166671875 0.61782786875 0.5374766671875 0.6765710375 0.5308133328125 0.7489754093750001 0.51749 0.7612704921875 0.4808466671875
0 0.8364071031250001 0.3709133328125 0.788592896875 0.3642533328125 0.7243852453125 0.3642533328125 0.6806693984375001 0.3659166671875 0.6779371578125 0.4066666671875 0.7585382515625 0.41921666718750006 0.829576503125 0.3975633328125 0.8432377046875 0.3925666671875 0.8364071031250001 0.3709133328125
0 0.422472678125 0.39590000000000003 0.39378415312500004 0.4042266671875 0.4012978140625 0.4295833328125 0.463456284375 0.42255000000000004 0.4976092890625 0.39923000000000003 0.4702868859375 0.3809066671875 0.422472678125 0.39590000000000003
0 0.62875683125 0.32261 0.5768442625 0.32927333281250004 0.556352459375 0.3542566671875 0.5498633875000001 0.3795833328125 0.6342213109375 0.3825733328125 0.7038934421875 0.3376033328125 0.6943306015624999 0.32761 0.62875683125 0.32261
0 0.7503415296875 0.29429666718749997 0.7120901640625 0.3129166671875 0.7558060109375 0.32761 0.8350409843750001 0.32261 0.8254781421875 0.28430333281250003 0.7503415296875 0.29429666718749997
0 0.723019125 0.2576533328125 0.7011612015625001 0.2676466671875 0.6656420765625 0.26598 0.643784153125 0.28791666718750003 0.7066256828124999 0.2992933328125 0.7448770484375 0.29429666718749997 0.7448770484375 0.27764 0.723019125 0.2576533328125
0 0.35963114687500003 0.31261666718750003 0.3541666671875 0.3209466671875 0.3609972671875 0.3426 0.39651639375 0.3426 0.3842213109375 0.33999999999999997 0.4415983609375 0.3426 0.445696721875 0.30762 0.40607923437500004 0.3059566671875 0.35963114687500003 0.31261666718750003
0 0.6260245906249999 0.2459933328125 0.6113387984374999 0.2608333328125 0.6369535515625 0.2676466671875 0.6806693984375001 0.25432 0.66427595625 0.2459933328125 0.6260245906249999 0.2459933328125
0 0.69979508125 0.2043533328125 0.6762295078125 0.22125 0.7066256828124999 0.2310033328125 0.7407786890625 0.2260066671875 0.74624316875 0.2076833328125 0.69979508125 0.2043533328125
0 0.53586065625 0.3026233328125 0.5167349734375 0.30762 0.49863387968749995 0.3170833328125 0.5208333328125 0.33593666718750004 0.5549863390625001 0.31928 0.563183059375 0.30429 0.53586065625 0.3026233328125
0 0.14378415312499998 0.7394133328125 0.1301229515625 0.6957099999999999 0.0645491796875 0.7140333328125 0.0290300546875 0.7441666671875 0.0167349734375 0.8060366671875 0.07137978125 0.8043733328125 0.14378415312499998 0.7394133328125