0 0.39875 0.9355600000000001 0.47874999999999995 0.9605433328125 0.5700000000000001 0.9455533328125 0.64625 0.89725 0.6587500000000001 0.8506133328125 0.6125 0.8006433328125 0.54 0.764 0.4578125 0.7879166671875 0.42625 0.7739933328124999 0.38125 0.8506133328125 0.39875 0.9355600000000001
0 0.215 0.6140933328125 0.1675 0.6057666671875 0.18125 0.64625 0.30625 0.66573 0.33875 0.63908 0.2875 0.6041000000000001 0.215 0.6140933328125
0 0.2625 0.76067 0.24125000000000002 0.7423466671875001 0.20249999999999999 0.7090366671874999 0.145 0.6940433328125 0.14750000000000002 0.7356866671875 0.10625 0.7691666671874999 0.13 0.81397 0.20750000000000002 0.8123033328125 0.2625 0.76067
0 0.02375 0.9966666671875 0.13125 0.9921900000000001 0.1625 0.9522166671875001 0.1625 0.9055766671875001 0.10500000000000001 0.9055766671875001 0.05625 0.9045833328124999 0.02375 0.9155733328125001 0 0.9588766671875 0.02375 0.9966666671875
0 0.9974999999999999 0.6790533328125 0.9974999999999999 0.6374133328125 0.93 0.6257533328125 0.8775000000000001 0.6840499999999999 0.765625 0.7295833328125 0.8275 0.7839866671875 0.915 0.7506766671875 0.9974999999999999 0.6790533328125
0 0.85125 0.6357466671875 0.85625 0.6090966671875 0.8237500000000001 0.59744 0.79375 0.5941066671875 0.7484375 0.6108333328125 0.7474999999999999 0.61243 0.7849999999999999 0.6474066671875 0.85125 0.6357466671875
0 0.3275 0.5424733328125 0.38625 0.52082 0.33125 0.49916666718749997 0.271875 0.5045833328125 0.2475 0.5341466671874999 0.27375 0.5391433328125 0.3275 0.5424733328125
0 0.5287499999999999 0.5108266671874999 0.5349999999999999 0.48417666718749997 0.46875 0.47418333281249997 0.4140625 0.4920833328125 0.42625 0.52082 0.45875000000000005 0.5124933328125 0.5287499999999999 0.5108266671874999
0 0.38406250000000003 0.41422 0.32156250000000003 0.41089000000000003 0.2778125 0.41089000000000003 0.28125 0.4566666671875 0.3696875 0.45419666718749996 0.43968749999999995 0.4275466671875 0.4371875 0.4008966671875 0.38406250000000003 0.41422
0 0.44781250000000006 0.3109533328125 0.4253125 0.31761333281250004 0.4453125 0.3295833328125 0.5078125 0.32927333281250004 0.5528125 0.31761333281250004 0.49906249999999996 0.30762 0.44781250000000006 0.3109533328125
0 0.48531250000000004 0.35758999999999996 0.4728125 0.34592999999999996 0.409375 0.3545833328125 0.41656250000000006 0.3792433328125 0.45531249999999995 0.3742466671875 0.48531250000000004 0.35758999999999996
0 0.9840625 0.5274833328125 0.9290625 0.5025000000000001 0.9003125000000001 0.47418333281249997 0.8953125 0.5004166671875 0.9240625 0.5424733328125 0.9740624999999999 0.5641266671875 0.9974999999999999 0.5641266671875 0.9840625 0.5274833328125