0 0.14625 0.93889 0.30375 0.8539433328125 0.27375 0.7573366671875 0.21000000000000002 0.7290233328125 0.08375 0.7156966671875 0.021875 0.7462500000000001 0.0075 0.77233 0.0075 0.9022466671875 0.14625 0.93889
0 0.34249999999999997 0.6274200000000001 0.40125 0.63908 0.5225 0.6257533328125 0.58 0.58578 0.5875 0.49583666718749997 0.5375 0.42255000000000004 0.46125 0.42588 0.38875000000000004 0.40589333281249995 0.3375 0.43920333281249996 0.290625 0.5129166671875 0.2725 0.5491366671875 0.29500000000000004 0.60077 0.34249999999999997 0.6274200000000001
0 0.705 0.43754 0.8025 0.4158866671875 0.8387499999999999 0.39590000000000003 0.79625 0.35758999999999996 0.71875 0.32927333281250004 0.65125 0.3142833328125 0.5962500000000001 0.3259433328125 0.5625 0.36291666718750004 0.57625 0.43754 0.62625 0.45586000000000004 0.705 0.43754
0 0.46624999999999994 0.14605666718750002 0.4375 0.1277333328125 0.3775 0.1277333328125 0.33125 0.1525 0.35125 0.1926933328125 0.445 0.19436 0.46624999999999994 0.14605666718750002
0 0.7775000000000001 0.9072433328124999 0.8550000000000001 0.9255666671875 0.8787499999999999 0.7856533328124999 0.9262499999999999 0.6790533328125 0.95375 0.5491366671875 0.9412499999999999 0.49916666718749997 0.875 0.4691866671875 0.7925 0.45586000000000004 0.71875 0.4658533328125 0.71375 0.5025000000000001 0.73 0.57412 0.7075 0.58578 0.7325 0.6590666671875 0.7015625 0.7295833328125 0.70125 0.73735 0.7175 0.8239633328125 0.7775000000000001 0.9072433328124999
0 0.6075 0.2310033328125 0.6375 0.1993566671875 0.63125 0.1876966671875 0.6 0.1727066671875 0.5296875 0.17541666718749999 0.52125 0.21934333281249999 0.545 0.20601666718749997 0.6075 0.2310033328125
0 0.5900000000000001 0.09775333281250001 0.6075 0.0694366671875 0.60625 0.06111 0.5587500000000001 0.04945 0.5125 0.0629166671875 0.49874999999999997 0.0827633328125 0.54 0.0927566671875 0.5900000000000001 0.09775333281250001
0 0.46624999999999994 0.0744333328125 0.4221875 0.0744333328125 0.3859375 0.09625 0.4671875 0.11774 0.5021875 0.0927566671875 0.46624999999999994 0.0744333328125
0 0.299375 0.1239866671875 0.28312499999999996 0.0973366671875 0.228125 0.1004166671875 0.22562500000000002 0.1306466671875 0.254375 0.12898333281250002 0.299375 0.1239866671875
0 0.681875 0.3072033328125 0.729375 0.30054 0.744375 0.27389 0.6756249999999999 0.2522366671875 0.628125 0.2608333328125 0.6056250000000001 0.2788866671875 0.6431250000000001 0.30887 0.681875 0.3072033328125
0 0.704375 0.10233333281250001 0.6956249999999999 0.0740166671875 0.649375 0.06902 0.6046875 0.08791666718749999 0.631875 0.11232666718749999 0.673125 0.12564999999999998 0.704375 0.10233333281250001
0 0.619375 0.1556333328125 0.6431250000000001 0.14064000000000002 0.634375 0.12065333281249999 0.5706249999999999 0.10733 0.521875 0.11916666718749999 0.5431250000000001 0.14897 0.5806250000000001 0.1572966671875 0.619375 0.1556333328125
0 0.749375 0.2039333328125 0.781875 0.16562666718750002 0.8081250000000001 0.14897 0.813125 0.1439733328125 0.790625 0.12898333281250002 0.740625 0.12898333281250002 0.7171875 0.14625 0.678125 0.17895 0.681875 0.2105966671875 0.749375 0.2039333328125
0 0.26687500000000003 0.0790133328125 0.306875 0.0756833328125 0.36062500000000003 0.09400333281249999 0.406875 0.0473666671875 0.406875 0.0257133328125 0.353125 0.0340433328125 0.330625 0.01239 0.284375 0.0191666671875 0.313125 0.05736 0.265625 0.0440366671875 0.26687500000000003 0.0790133328125
0 0.8768750000000001 0.13398000000000002 0.840625 0.13374999999999998 0.878125 0.14730333281250002 0.905625 0.1423066671875 0.8768750000000001 0.13398000000000002