0 0.7191011234375 0.9821966671875 0.62359550625 0.82563 0.4966292140625 0.7356866671875 0.3348314609375 0.6907133328125 0.1932584265625 0.75234 0.033707865625 0.9129166671875 0.020224718750000002 0.9966666671875 0.717977528125 0.9905233328125 0.7191011234375 0.9821966671875
0 0.35617977500000003 0.48251 0.2910112359375 0.45586000000000004 0.18988764062500002 0.45586000000000004 0.097752809375 0.47918000000000005 0.0157303375 0.4925033328125 0.0098314609375 0.5608333328125 0.0988764046875 0.5807833328124999 0.241573034375 0.5791166671875 0.30898876406250003 0.53581 0.35617977500000003 0.48251
0 0.805617978125 0.7073699999999999 0.838202246875 0.6440766671875 0.81235955 0.5757866671875 0.782022471875 0.5341466671874999 0.7078651687499999 0.5274833328125 0.643820225 0.5508 0.6202247187500001 0.58911 0.625 0.6358333328125 0.656179775 0.66573 0.7146067421875 0.6940433328125 0.805617978125 0.7073699999999999
0 0.822471909375 0.5025000000000001 0.79550561875 0.46752000000000005 0.7404494374999999 0.45253 0.6887640453125 0.43920333281249996 0.6573033703125 0.4458666671875 0.6168539328125 0.4325433328125 0.5831460671875 0.44087 0.5674157296875 0.4608333328125 0.6292134828125 0.4858433328125 0.6808988765625 0.5158233328125 0.756179775 0.5274833328125 0.822471909375 0.5025000000000001
0 0.282022471875 0.3525933328125 0.23820224687499997 0.3509266671875 0.18764045000000001 0.3509266671875 0.1502808984375 0.37333333281250003 0.2067415734375 0.3809066671875 0.2651685390625 0.37591 0.3247191015625 0.3642533328125 0.282022471875 0.3525933328125
0 0.0685393265625 0.39923000000000003 0.105617978125 0.3709133328125 0.0606741578125 0.3792433328125 0.0028089890625 0.3795833328125 0.0089887640625 0.40755666718750005 0.032584270312500004 0.4008966671875 0.0685393265625 0.39923000000000003
0 0.9460674156250001 0.47585 0.9 0.46419 0.843820225 0.47585 0.8314606734375 0.47251666718749996 0.8820224718749999 0.5025000000000001 0.9348314609375 0.5391433328125 0.9707865171875 0.55913 0.9269662921874999 0.5879166671875 0.9685393265625001 0.6340833328125 0.9977528093749999 0.6374133328125 0.9977528093749999 0.47251666718749996 0.9460674156250001 0.47585
0 0.622471909375 0.38424 0.5752808984375 0.36924999999999997 0.5407303375 0.3795833328125 0.602247190625 0.4158866671875 0.6505617984375001 0.41089000000000003 0.6719101125 0.4092233328125 0.622471909375 0.38424
0 0.41460674218750004 0.37591 0.402247190625 0.3742466671875 0.42134831406249995 0.3925666671875 0.37359550625 0.4108333328125 0.42022471875 0.41921666718750006 0.47078651718750003 0.41089000000000003 0.4494382015625 0.38424 0.41460674218750004 0.37591
0 0.2314606734375 0.3326066671875 0.22696629218750003 0.31761333281250004 0.1404494375 0.3129166671875 0.1629213484375 0.3259433328125 0.19213483125 0.33426999999999996 0.2314606734375 0.3326066671875
0 0.011235954687499999 0.32125 0.066292134375 0.3259433328125 0.07865168593750001 0.3092866671875 0.030337078125 0.30429 0.011235954687499999 0.32125