0 0.370075046875 0.7390166671875 0.39727955000000004 0.6840499999999999 0.31285178281250003 0.6823866671875 0.279080675 0.7423466671875001 0.3006566609375 0.77566 0.370075046875 0.7390166671875
0 0.1796435265625 0.84062 0.2002814265625 0.7556733328125 0.154315196875 0.7173633328125 0.0938086296875 0.73375 0.052063790624999995 0.8123033328125 0.0717636015625 0.88559 0.14305816093749998 0.9055766671875001 0.1796435265625 0.84062
0 0.4010318953125 0.9305633328124999 0.39727955000000004 0.8722666671875 0.3484990625 0.8089733328125 0.3400562859375 0.8129166671875 0.29784240156249997 0.8722666671875 0.310975609375 0.9472200000000001 0.35318949375 0.9538800000000001 0.4010318953125 0.9305633328124999
0 0.39258911875 0.7889833328125 0.4404315203125 0.78732 0.4713883671875 0.7473433328125 0.4350375234375 0.7108333328125 0.404784240625 0.7007066671875 0.37945590937499996 0.7440133328125 0.39258911875 0.7889833328125
0 0.5286116328125 0.8339566671875 0.4713883671875 0.8123033328125 0.43855534687500003 0.865 0.4723264546875 0.9522166671875001 0.531425890625 0.8989166671875 0.5286116328125 0.8339566671875
0 0.5426829265625 0.80231 0.6008442781250001 0.79898 0.614915571875 0.74568 0.5722326453125001 0.7212500000000001 0.526735459375 0.7057033328125 0.5182926828125 0.7473433328125 0.5426829265625 0.80231
0 0.4498123828125 0.9966666671875 0.46294559062499996 0.9838633328125 0.42331144531250003 0.9504166671875 0.3588180109375 0.9522166671875001 0.3325515953125 0.9966666671875 0.4498123828125 0.9966666671875
0 0.6721388375 0.9255666671875 0.5980300187500001 0.9025000000000001 0.566135084375 0.9966666671875 0.704033771875 0.9855266671875 0.6721388375 0.9255666671875
0 0.9216697937499999 0.64241 0.82879925 0.62409 0.73968105 0.6274200000000001 0.6383677296875 0.6340833328125 0.6121013140625 0.6790533328125 0.67424953125 0.7566666671875 0.7800187625 0.8106366671874999 0.8841463421875 0.79898 0.923545965625 0.72236 0.9216697937499999 0.64241
0 0.5032833015625 0.4492 0.4601313328125 0.49583666718749997 0.47607879999999997 0.5358333328125 0.5417448406250001 0.56246 0.5980300187500001 0.5224866671874999 0.563320825 0.46419 0.5032833015625 0.4492
0 0.39915572187500004 0.5191533328125 0.35060975625 0.5004166671875 0.3297373359375 0.5424733328125 0.37288930625 0.54747 0.39915572187500004 0.5191533328125
0 0.43198874218750005 0.5557966671875 0.43386491562499996 0.515 0.40384615312500005 0.5191533328125 0.4010318953125 0.5491366671875 0.43198874218750005 0.5557966671875
0 0.4460600375 0.5841133328125 0.468574109375 0.58578 0.47842401562500003 0.5670833328125 0.4554409 0.5524666671875 0.4357410875 0.56246 0.4460600375 0.5841133328125
0 0.8878986859375001 0.9938566671875 0.9948405250000001 0.9966666671875 0.9939024390625001 0.8689333328125001 0.998123828125 0.8606066671875 0.9451219515625 0.8025 0.8719512187499999 0.8073066671875001 0.870075046875 0.9222333328125 0.8878986859375001 0.9938566671875
0 0.7002814265625 0.4125533328125 0.644934334375 0.39923000000000003 0.6336772984375 0.4342066671875 0.67120075 0.43087666718750006 0.7002814265625 0.4125533328125
0 0.48733583437499994 0.36092 0.43269230781249995 0.33375 0.39258911875 0.3942333328125 0.4601313328125 0.42588 0.48733583437499994 0.36092